76
z 13 1111111111000
y 7 1000100
x 5 11101
w 11 11110110101
v 10 0000011000
u 12 000001111000
t 4 0100
s 6 101101
r 4 0011
q 11 11100111010
p 4 0001
o 8 11100110
n 5 00001
m 8 11100100
l 6 001011
k 11 11100111011
j 12 000001111011
i 5 10111
h 11 11110010111
g 8 01010101
f 12 111001110010
e 6 010100
d 7 1000101
c 7 1000111
b 8 01010100
a 6 011100
_ 4 0110
] 6 100001
[ 6 100000
Z 11 11110011011
Y 13 1111111100110
X 13 1011001101000
W 8 01110111
V 7 0101011
U 10 0000011001
T 7 0010101
S 6 001001
R 8 10001101
Q 11 11110110100
P 9 111101100
O 12 000001111101
N 11 00000111111
M 10 1111011011
L 5 01111
K 13 1111111111001
J 13 1111111110011
I 6 111000
H 13 1111111110010
G 12 000001111010
F 11 11110010101
E 5 11110
D 11 11110010100
C 9 111001111
B 8 10001100
A 6 000000
= 10 1111001100
; 7 0000010
: 11 11110010110
9 11 11100111000    good
8 9 000001110       good
7 12 101100110101   good
6 7 0111010
5 9 101100111       good
4 7 0010100         
3 9 000001101       good
2 9 101100100       good
1 6 001000
0 3 110
/ 13 1011001101001  good
. 8 11100101
, 5 01011
+ 13 1111111100111  bad should be 1110011100111
) 4 1010
( 4 1001
' 5 11111
" 7 1011000
263
